[1. 0. 0. 1. 1. 1. 1. 1. 0. 0. 1. 1. 0. 1. 1. 0. 1. 1. 1. 0. 0. 0. 0. 1.
 1. 1. 1. 0. 1. 1. 0. 0. 0. 0. 1. 0. 0. 0. 1. 1. 0. 0. 1. 1. 1. 1. 1. 1.
 1. 1. 1. 1. 1. 0. 1. 1. 1. 0. 1. 1. 1. 1. 1. 1. 0. 1. 1. 0. 1. 0. 1. 1.
 1. 0. 1. 0. 0. 1. 1. 1. 1. 1. 1. 1. 0. 1. 1. 1. 1. 0. 1. 1. 0. 1. 1. 1.
 1. 0. 0. 1. 1. 1. 0. 1. 0. 0. 1. 1. 0. 1. 0. 0. 1. 1. 0. 0. 1. 1. 0. 1.
 0. 0. 1. 0. 0. 1. 0. 1. 0. 1. 1. 1. 0. 1. 1. 1. 0. 1. 0. 1. 1. 1. 1. 1.
 1. 1. 1. 1. 0. 0. 1. 0. 1. 1. 1. 1. 1. 1. 1. 1. 1. 1. 1. 1. 1. 0. 1. 1.
 1. 1. 1.]
{'accuracy': 0.9239766081871345, 'precision': 0.9344043887147335, 'Recall': 0.9047167056074766, 'F1': 0.9162301691977239, 'AUC': 0.9947429906542056, 'Confusion_matrix': array([[0.828125  , 0.171875  ],
       [0.01869159, 0.98130841]])}
